43745.15946
30925.58467
25289.11391
21908.6909
19598.59665
17886.59173
16556.98032
15486.05916
14598.84019
13850.68881
13207.33184
12148.56151
11307.14745
10617.73706
10042.14246
9328.061363
8581.149397
8125.548792
7504.734671
7008.883337
6597.369403
6123.025691
5686.80131
5333.250029
4970.213401
4620.130714
4316.44414
4034.274168
3759.441965
3510.666756
3280.49164
3058.576569
2851.44823
2660.003648
2478.554463
2309.269654
2152.925745
2010.156117
1882.802435
1764.408224
1652.565175
1545.653907
1443.428351
1343.695912
1249.677151
1161.646537
1080.818716
1002.295651
930.7761845
866.8898456
809.5901676
759.1874935
712.7427957
668.0078538
624.4248906
584.6969627
544.1302641
505.7807261
469.6547824
431.4443573
394.5277599
364.7426898
335.4029182
308.22581
291.3620941
278.7055545
265.7873228
261.9613216
260.1198827
252.2692705
241.8770412
233.0058947
221.2760159
210.8884088
205.141074
201.5901937
200.1622016
200.4904404
204.4476514
211.3873962
219.2282678
225.8138007
226.2044169
218.9756688
196.2514224
154.6586286
108.6002021
71.72383145
49.21955835
36.49273088
40.759094
74.67361216
78.74242998
