44405.5147
30990.23374
25191.12084
21767.39831
19443.16967
17733.17233
16407.19968
15340.15333
14457.43485
13711.43652
13070.15818
12018.30948
11185.39349
10504.67801
9934.824703
9230.92684
8489.718302
8037.822364
7422.419306
6929.718097
6523.709384
6059.11958
5633.123156
5285.986043
4930.719066
4586.253751
4284.062095
4000.099382
3724.008291
3475.607269
3243.482536
3022.573207
2817.326546
2629.390799
2450.862274
2285.152829
2130.909282
1987.391154
1854.121088
1729.321949
1613.343312
1504.379745
1403.917964
1309.363529
1221.610831
1139.748615
1063.652819
992.6687249
926.4752025
864.7288002
807.3875164
753.9219554
704.165784
657.7916189
614.7519401
574.6919151
537.433276
502.7809402
470.6290844
440.7605328
413.0626371
387.3721734
363.5915571
341.574178
321.2376805
302.4718184
285.1976242
269.3343416
254.8128423
241.5806688
229.598231
218.8406527
209.3043064
201.0100733
194.0074387
188.3826115
184.2648064
181.8295851
181.3046014
182.9686613
187.1479545
194.2080747
204.5447414
218.5782939
236.7514052
259.5396966
287.4633255
321.1092064
361.1521909
408.3762824
463.6990185
528.1918092
603.1072175
