0.376024673
0.2305023326
0.1775326707
0.1489128476
0.1305289412
0.1175081845
0.1076888917
0.09995360661
0.09366140968
0.08841587895
0.08395733374
0.07674082196
0.07110691461
0.06655222568
0.06277188667
0.05814108122
0.05330835866
0.05038255177
0.04642161345
0.04326881773
0.04068231779
0.03773468729
0.03504257522
0.03285592349
0.03062430453
0.02846625527
0.02657745467
0.02480617869
0.02308721067
0.02154326534
0.02010268685
0.01873367387
0.01746345598
0.01630187404
0.01519983264
0.0141782297
0.01322855775
0.01234613358
0.01152792374
0.01076295668
0.0100533392
0.009388017185
0.008776064681
0.008201698028
0.007670408312
0.007176735767
0.006720017532
0.006296435856
0.005904229761
0.005541557611
0.005208386468
0.004901895982
0.004621452124
0.004365584886
0.004134443544
0.003926579845
0.003741609427
0.003579154084
0.003439318709
0.00332176844
0.003226664856
0.003154000466
0.003103962669
0.00307659078
0.003071988733
0.003090160019
0.003131052409
0.003194573616
0.003280625941
0.003389103357
0.003519941955
0.003673176278
0.003848940232
0.004047495191
0.004269284506
0.00451490799
0.00478508875
0.005080793817
0.005403128853
0.005753372391
0.006133016556
0.006543711663
0.006987290617
0.007465806365
0.007981461116
0.008536711139
0.009134179364
0.009776735268
0.01046748362
0.01120975876
0.01200717279
0.01286359373
0.01378320933
