0.2687911788
0.1900792506
0.1551624285
0.1344009055
0.1202150004
0.1097434482
0.1015936807
0.09502671067
0.08958254972
0.08498413111
0.08102102549
0.07452858978
0.06939217097
0.065202958
0.06170685506
0.05738243267
0.05283788861
0.05005988346
0.04625500797
0.04319250224
0.04066470677
0.0377283627
0.03502826108
0.03282856171
0.03058126229
0.02842443763
0.02655325309
0.02480521334
0.02311171057
0.02160296429
0.02018962448
0.0188587182
0.01762436203
0.01647557296
0.01538436879
0.01434474719
0.01336768667
0.012437448
0.01158555078
0.01075456547
0.01000969955
0.009333637822
0.008706989704
0.008119941561
0.00759771455
0.007112528829
0.006645093813
0.006239630953
0.005835608946
0.005454487252
0.005097309161
0.004770216915
0.00446119477
0.00419862415
0.003979486766
0.003788470698
0.00362424341
0.003493178753
0.003391823679
0.003333180048
0.003310210266
0.003320875736
0.003372769099
0.003454993045
0.003554032045
0.003698318987
0.003882502599
0.004107648558
0.004363793762
0.004652917435
0.004970167745
0.005313470019
0.0057034118
0.006168936594
0.006709507979
0.007287402172
0.007876573841
0.00845271408
0.008975624701
0.009406854178
0.009774340819
0.01014356598
0.01070606859
0.01159795695
0.01283476593
0.01438727216
0.01621663425
0.01851185938
0.02153480008
0.02513305365
0.02888259776
0.03267502155
0.03660555721
