43740.07461
30928.50288
25243.45361
21855.21032
19543.41982
17840.63563
16523.78706
15456.81886
14574.55121
13825.87819
13183.13578
12124.91106
11285.77396
10603.03652
10034.58512
9330.700455
8593.034871
8141.94831
7526.558794
7028.796994
6618.08287
6145.399734
5713.52463
5362.151295
5001.850615
4650.773804
4340.840636
4051.084164
3772.513837
3524.150955
3288.434856
3067.041411
2860.196497
2669.374474
2486.466093
2316.753643
2155.798872
2007.589909
1871.877063
1744.687731
1625.108385
1514.704158
1414.072892
1315.76141
1224.933682
1141.165126
1068.578609
1002.618836
941.0218516
882.4496253
824.9758161
760.9969262
698.245756
643.5983032
591.2450086
545.4256786
506.5042121
471.9294543
438.2640665
408.0699732
380.3852156
354.4940534
328.5563012
305.8953401
285.5169986
270.3212829
258.4999032
249.7314442
241.097326
235.0930096
229.6452544
228.6577221
228.1242034
228.9482994
229.8644832
233.7465209
236.9963186
242.3943054
245.9720091
248.0569759
247.2820964
247.547016
251.1395769
253.9238725
256.0686057
270.0927478
284.3450339
287.3566031
277.8650924
245.6213219
199.2652092
148.4200923
168.785069
