0.2687295982
0.1900566723
0.1550981643
0.134337396
0.1201788089
0.1097360371
0.1016017942
0.0950586691
0.08963699046
0.08505132437
0.08110609355
0.07463319586
0.06947137293
0.06523625662
0.06169867647
0.05730318299
0.05268178645
0.04988612394
0.04609357792
0.04305778616
0.04056754955
0.03770586516
0.03508245018
0.03293981475
0.03074295478
0.02858353059
0.02668918191
0.02488443026
0.02313525626
0.02156964725
0.02014960605
0.01881335807
0.017587479
0.01646648944
0.01540588305
0.0143934066
0.01345133634
0.01256323427
0.01172245621
0.0109068886
0.01014794087
0.009438884685
0.008778201917
0.008174355532
0.007645913187
0.007152591445
0.006686386984
0.00624673596
0.005860307847
0.005508721755
0.005176078073
0.004886701638
0.004627247571
0.004356431432
0.004102155355
0.003878768032
0.003693848333
0.003521445591
0.003390349232
0.003300419697
0.003250196679
0.003223507129
0.003246921626
0.003297341421
0.003371699819
0.003480771239
0.003638425432
0.003830696591
0.004066984153
0.004343423528
0.004645012036
0.004953511797
0.005255860689
0.005550390626
0.005852915629
0.006170006359
0.006500287008
0.006823112199
0.007141454037
0.007482072278
0.00783869296
0.008099153024
0.008154325719
0.007798752619
0.006996390523
0.005972842302
0.004835146029
0.003983545036
0.003975328811
0.004408860224
0.004827888215
0.005180449664
0.004438798883
