43743.96957
30931.55125
25255.47696
21871.87215
19562.79049
17858.29868
16533.5692
15465.73597
14581.23436
13832.97248
13189.22097
12132.31763
11294.57232
10609.40282
10035.49003
9326.18503
8578.842219
8122.99806
7501.979716
7004.595184
6594.608388
6125.341005
5694.94286
5344.1421
4985.056321
4636.822547
4331.271946
4044.10745
3764.860085
3513.581352
3278.732922
3055.197943
2847.479446
2657.249661
2476.510947
2308.718785
2152.505006
2007.121296
1872.085635
1745.598406
1628.014812
1517.505068
1415.578041
1319.602423
1230.486612
1147.306448
1069.937142
997.7144772
930.313157
867.3851782
808.8901715
754.2910455
703.4212837
655.9502772
611.834609
570.717018
532.4221024
496.7586216
463.6290683
432.8235098
404.2424598
377.7376278
353.2324453
330.6045559
309.8032087
290.7551042
273.4254288
257.7840932
243.8188567
231.5383478
220.9648898
212.1313005
205.0794815
199.853638
196.4931199
195.0275024
195.4707772
197.8186503
202.0496707
208.1285828
216.0130213
225.6591949
237.0282925
250.0924078
264.8360144
281.260727
299.3835612
319.2391399
340.8787741
364.369361
389.7938862
417.24973
446.8497687
