0.005024879153
0.01004975831
0.01507463746
0.02009951661
0.02512439576
0.03014927492
0.03517415407
0.04019903322
0.04522391237
0.05024879153
0.05527367068
0.06532342898
0.07537318729
0.08542294559
0.0954727039
0.1105473414
0.130646858
0.1457214954
0.1708458912
0.1959702869
0.2210946827
0.2562688368
0.29646787
0.3366669032
0.3869156947
0.4472142446
0.5125376736
0.5879108608
0.6783586856
0.7788562686
0.8944284891
1.030100226
1.18587148
1.36174225
1.567762296
1.803931616
2.07527509
2.386817597
2.743584017
3.155624108
3.627962748
4.175674576
4.798759591
5.522342189
6.351447249
7.306174288
8.401597943
9.66284261
11.11503269
12.78831744
14.70782128
16.91876811
19.46135696
22.3908615
25.75250566
29.6216626
34.07370553
39.19908227
45.08824064
51.86680261
59.66039018
68.62979946
78.94085149
90.80961604
104.4571878
120.1599352
138.2193508
158.9922013
182.8905265
210.3816404
242.0032049
278.378305
320.2204738
368.3487663
423.7128848
487.403228
560.6609412
644.9331895
741.8731581
853.3802514
981.6503415
1129.200893
1298.926236
1494.167916
1718.749864
1977.093976
2274.265329
2616.102833
3009.324751
3461.649298
3981.965484
4580.483865
5268.967682
