0.3397647709
0.216323733
0.169618601
0.1437644114
0.1268786875
0.1147733809
0.1055599766
0.0982492271
0.09226750629
0.08725673705
0.08298051145
0.07602573528
0.07056784039
0.06613765068
0.06244883479
0.05791594447
0.05316932216
0.05028797821
0.04637844545
0.04325967692
0.04069676885
0.03777153007
0.03509593293
0.0329201092
0.03069731446
0.02854581785
0.02666128754
0.02489288924
0.02317578109
0.02163282035
0.02019266379
0.01882369263
0.01755328255
0.01639140735
0.01528906101
0.014267229
0.01331746782
0.01243514596
0.01161727014
0.01085290629
0.01014418536
0.009480088998
0.008869686003
0.008297240225
0.007768232229
0.007277222244
0.006823544062
0.006403393351
0.006015009104
0.005656547432
0.005327944231
0.00502637735
0.004751175331
0.004500836466
0.004275432145
0.004073460145
0.003894445695
0.003737907078
0.003603815931
0.003491713551
0.003401615832
0.003333384556
0.003287082158
0.003262659816
0.003260162963
0.003279586364
0.003320913682
0.003384132737
0.003469260622
0.003576330599
0.00370543097
0.003856750521
0.004030571535
0.004227292227
0.004447477906
0.004691835003
0.004961178483
0.005256553498
0.005579132593
0.005930251871
0.006311454005
0.006724434716
0.007171068917
0.007653450014
0.008173819886
0.008734675669
0.009338682526
0.009988755109
0.01068804696
0.01143994534
0.0122481206
0.01311650466
0.01404935625
