0.2687662599
0.1900740698
0.1551321584
0.1343227452
0.1200910255
0.1095451018
0.1014028893
0.09485480116
0.0894357392
0.08484940057
0.08091261917
0.07444812614
0.06933081883
0.06515117062
0.06164431648
0.05729459425
0.05270076831
0.04989065198
0.04605897582
0.04301057273
0.04049819495
0.03763546483
0.03499928021
0.03282615354
0.03059494734
0.02845740584
0.02659765539
0.02482577153
0.02310808144
0.0215517108
0.02008457966
0.01868673384
0.01740841391
0.01623578484
0.01514361367
0.01416484759
0.01324415065
0.01238860518
0.01159733212
0.01085085566
0.01012723885
0.00946513291
0.00888311095
0.008342879968
0.007829628966
0.007350202657
0.006889148651
0.006434431164
0.005994306778
0.005583533539
0.005206202995
0.00484912496
0.004523361064
0.004235814444
0.003992764519
0.003788770415
0.003635066593
0.00353246349
0.003478417883
0.003451484224
0.003460122745
0.003491485361
0.003540036972
0.003597360508
0.003666765153
0.00374608413
0.003858690744
0.004012674118
0.004210244034
0.004451748839
0.004724358444
0.005013583991
0.005310241043
0.005596982345
0.005886915871
0.006178624949
0.006477065985
0.006784602399
0.007096068392
0.007403771494
0.00774144195
0.008043568871
0.008132986497
0.008043455005
0.007767455654
0.007377956504
0.006868035424
0.006322907328
0.005485442633
0.004336113323
0.003369589562
0.002490334833
0.00241766969
