0.2696534081
0.1903114166
0.1552899685
0.1344423775
0.1202260496
0.1097369783
0.1015875413
0.09502003892
0.08958107308
0.08498053233
0.08102301383
0.07452648074
0.06937778309
0.06516724539
0.06164069885
0.05728254891
0.05269107729
0.049890682
0.04607578793
0.04302054809
0.04050227379
0.03762000575
0.03497659619
0.03282214559
0.03061690181
0.02847839908
0.0266021032
0.02483880197
0.02312421897
0.02158147474
0.02013972874
0.01876758249
0.01749269523
0.01632534253
0.0152164702
0.01418731387
0.01322951705
0.01233853659
0.01151147214
0.01073737336
0.01001850354
0.009343792065
0.008722580949
0.008138997828
0.007598782745
0.007096576357
0.006631926187
0.006201210522
0.005802953096
0.005435662979
0.005099753587
0.004792911633
0.004515134307
0.004265702741
0.004045585504
0.003854306905
0.003692508843
0.003560885869
0.003460490282
0.003391941778
0.003356040175
0.003353268265
0.003383884968
0.0034479349
0.003545158344
0.003675291952
0.003837973866
0.004033052039
0.004260653191
0.00452119808
0.004815535159
0.005145046346
0.005511634843
0.005917792329
0.006366733507
0.006862390267
0.007409417656
0.00801353392
0.008681431029
0.009420992448
0.0102415586
0.01115402092
0.01217111432
0.01330778527
0.01458134692
0.01601209568
0.0176235129
0.01944293855
0.02150208676
0.02383763555
0.02649206582
0.02951438263
0.03296123468
