43738.91034
30936.21389
25260.09731
21880.75608
19571.29354
17863.90043
16538.27387
15468.73479
14581.42385
13832.89634
13189.97448
12127.28101
11284.84567
10598.86999
10023.42105
9312.372823
8566.847727
8110.572465
7485.378894
6985.781936
6573.918412
6106.357054
5678.802758
5333.966174
4982.286344
4638.628553
4336.539729
4055.638389
3781.486434
3536.358453
3308.953989
3093.985177
2888.340444
2695.081739
2509.771631
2337.713584
2171.216727
2021.324479
1884.272279
1756.237414
1635.308896
1518.816831
1411.271679
1308.542788
1211.931222
1124.189882
1047.248864
970.0915459
903.8774565
841.4270966
780.1733407
724.6197251
678.6979901
632.9010663
589.3769527
551.3897419
514.8977883
480.7574253
449.2029408
421.1883746
395.4389891
373.4004323
351.8221559
333.7334701
319.4120281
309.3530484
297.8592937
287.0452765
273.0579601
253.832671
231.740215
213.3091214
202.8727023
193.6793621
189.8903036
189.8607613
188.5944477
186.1344388
186.4950576
186.7351936
187.3868003
193.1482595
199.4244276
208.8480576
226.1748363
254.9085283
291.1348812
331.4801895
378.0755689
427.3273052
480.5357624
527.6973453
554.6039637
