44960.7197
31352.2298
25478.19888
22012.29947
19660.20377
17930.06068
16588.65763
15509.30654
14616.4799
13861.98622
13213.43778
12149.72574
11307.46585
10619.14412
10042.9426
9331.225501
8581.807139
8124.916509
7502.722706
7004.592524
6594.114213
6124.413218
5693.731932
5342.777338
4983.602444
4635.345743
4329.824876
4042.729858
3763.588241
3512.436949
3277.735791
3054.367184
2846.827457
2656.783355
2476.242359
2308.654441
2152.651075
2007.483318
1872.668387
1746.408496
1629.057256
1518.787735
1417.104538
1321.381722
1232.524578
1149.610503
1072.51393
1000.571627
933.4581122
870.8251314
812.6302332
758.3363235
707.774566
660.6123543
616.8015759
575.9813186
537.9700171
502.5686918
469.6693206
439.0496628
410.5939686
384.1339788
359.5681454
336.743223
315.570924
295.932027
277.7371236
260.8911569
245.3059951
230.9040438
217.6118089
205.3585274
194.0791164
183.7125792
174.1999832
165.486469
157.521531
150.254962
143.6402024
137.6327868
132.1896328
127.2699611
122.8347216
118.8462932
115.2691714
112.0691746
109.2141741
106.6736758
104.4190366
102.4235458
100.6623396
99.11251083
97.75300308
